Тест 1: Сложение матриц 10x11

1. UsualMatrix + UsualMatrix:
[76.0, 67.0, 145.0, 135.0, 101.0, 95.0, 11.0, 113.0, 25.0, 172.0, 128.0]
[30.0, 134.0, 115.0, 128.0, 64.0, 78.0, 93.0, 76.0, 11.0, 52.0, 135.0]
[64.0, 45.0, 115.0, 109.0, 55.0, 100.0, 114.0, 79.0, 103.0, 83.0, 51.0]
[108.0, 21.0, 30.0, 90.0, 186.0, 60.0, 105.0, 109.0, 100.0, 44.0, 92.0]
[156.0, 133.0, 7.0, 86.0, 99.0, 84.0, 177.0, 136.0, 98.0, 66.0, 125.0]
[80.0, 43.0, 88.0, 90.0, 94.0, 121.0, 53.0, 93.0, 9.0, 100.0, 175.0]
[110.0, 115.0, 104.0, 141.0, 136.0, 90.0, 63.0, 128.0, 147.0, 118.0, 122.0]
[105.0, 117.0, 124.0, 98.0, 187.0, 69.0, 120.0, 73.0, 172.0, 98.0, 87.0]
[191.0, 153.0, 56.0, 164.0, 101.0, 183.0, 128.0, 100.0, 51.0, 167.0, 130.0]
[108.0, 120.0, 133.0, 120.0, 77.0, 177.0, 16.0, 68.0, 77.0, 158.0, 45.0]

2. SparseMatrix + SparseMatrix:
[86.0, 0.0, 18.0, 18.0, 0.0, 0.0, 29.0, 0.0, 0.0, 0.0, 0.0]
[0.0, 0.0, 9.0, 60.0, 66.0, 0.0, 0.0, 47.0, 0.0, 75.0, 0.0]
[0.0, 0.0, 0.0, 0.0, 0.0, 31.0, 59.0, 0.0, 0.0, 0.0, 2.0]
[0.0, 47.0, 53.0, 52.0, 37.0, 0.0, 0.0, 0.0, 0.0, 33.0, 86.0]
[94.0, 0.0, 0.0, 67.0, 88.0, 0.0, 0.0, 0.0, 0.0, 0.0, 0.0]
[5.0, 0.0, 0.0, 102.0, 0.0, 0.0, 43.0, 95.0, 0.0, 17.0, 0.0]
[42.0, 80.0, 88.0, 60.0, 0.0, 95.0, 0.0, 0.0, 0.0, 0.0, 0.0]
[0.0, 0.0, 17.0, 0.0, 75.0, 74.0, 97.0, 0.0, 0.0, 0.0, 2.0]
[0.0, 81.0, 57.0, 0.0, 0.0, 10.0, 0.0, 41.0, 92.0, 0.0, 66.0]
[37.0, 0.0, 0.0, 0.0, 0.0, 94.0, 7.0, 72.0, 0.0, 66.0, 15.0]

3. UsualMatrix + SparseMatrix:
[116.0, 63.0, 66.0, 97.0, 70.0, 25.0, 5.0, 18.0, 19.0, 93.0, 82.0]
[2.0, 76.0, 101.0, 76.0, 32.0, 56.0, 70.0, 90.0, 9.0, 75.0, 63.0]
[26.0, 13.0, 43.0, 41.0, 30.0, 58.0, 87.0, 46.0, 30.0, 56.0, 30.0]
[85.0, 17.0, 80.0, 64.0, 93.0, 13.0, 64.0, 79.0, 65.0, 23.0, 37.0]
[169.0, 34.0, 7.0, 35.0, 57.0, 43.0, 93.0, 40.0, 58.0, 56.0, 60.0]
[15.0, 13.0, 59.0, 145.0, 3.0, 97.0, 30.0, 147.0, 1.0, 94.0, 94.0]
[140.0, 19.0, 75.0, 99.0, 90.0, 31.0, 53.0, 29.0, 73.0, 33.0, 86.0]
[60.0, 25.0, 110.0, 0.0, 169.0, 69.0, 94.0, 7.0, 93.0, 9.0, 44.0]
[98.0, 79.0, 47.0, 96.0, 23.0, 95.0, 59.0, 64.0, 29.0, 76.0, 142.0]
[53.0, 70.0, 40.0, 32.0, 29.0, 177.0, 11.0, 16.0, 46.0, 141.0, 37.0]

Тест 2: Умножение матриц 10x11 * 11x13

1. UsualMatrix(10x11) * UsualMatrix(11x13):
[31469.0, 24520.0, 29940.0, 17110.0, 25743.0, 20078.0, 25011.0, 30356.0, 23388.0, 28839.0, 27661.0, 29936.0, 34114.0]
[28700.0, 22083.0, 28354.0, 21916.0, 30240.0, 22728.0, 27323.0, 24044.0, 27699.0, 22018.0, 35913.0, 35016.0, 27557.0]
[31889.0, 17971.0, 33198.0, 21049.0, 25201.0, 20395.0, 27216.0, 25658.0, 25774.0, 24164.0, 30716.0, 27829.0, 22080.0]
[32932.0, 17159.0, 37438.0, 27382.0, 28342.0, 20923.0, 25039.0, 37645.0, 21171.0, 26343.0, 33685.0, 26352.0, 20125.0]
[38701.0, 20095.0, 40398.0, 26063.0, 29323.0, 24763.0, 28830.0, 38032.0, 27555.0, 31693.0, 35254.0, 29287.0, 26213.0]
[34916.0, 25908.0, 32210.0, 15723.0, 27646.0, 18527.0, 30417.0, 23374.0, 28246.0, 29991.0, 32705.0, 30590.0, 33233.0]
[38735.0, 22520.0, 39140.0, 28237.0, 37056.0, 29038.0, 31390.0, 41893.0, 21931.0, 32170.0, 40083.0, 36121.0, 33563.0]
[27366.0, 13185.0, 27895.0, 21983.0, 27225.0, 17055.0, 17967.0, 33550.0, 12257.0, 19625.0, 30451.0, 24099.0, 16826.0]
[43373.0, 26652.0, 45763.0, 25301.0, 34298.0, 32288.0, 35209.0, 37726.0, 35491.0, 39975.0, 41227.0, 39846.0, 41989.0]
[27908.0, 16393.0, 28800.0, 13502.0, 19962.0, 16527.0, 21966.0, 22722.0, 23203.0, 24540.0, 24218.0, 24461.0, 25044.0]

2. SparseMatrix(10x11) * SparseMatrix(11x13):
[5762.0, 0.0, 5518.0, 0.0, 0.0, 822.0, 1028.0, 3136.0, 0.0, 505.0, 0.0, 0.0, 1367.0]
[0.0, 4653.0, 207.0, 0.0, 0.0, 261.0, 342.0, 0.0, 2209.0, 90.0, 0.0, 0.0, 441.0]
[1888.0, 708.0, 472.0, 1003.0, 0.0, 1475.0, 0.0, 0.0, 0.0, 0.0, 0.0, 3835.0, 0.0]
[629.0, 0.0, 312.0, 0.0, 0.0, 3120.0, 0.0, 4888.0, 3404.0, 3380.0, 1548.0, 0.0, 6592.0]
[7794.0, 0.0, 5546.0, 0.0, 0.0, 0.0, 376.0, 2914.0, 8096.0, 0.0, 0.0, 0.0, 0.0]
[335.0, 9405.0, 799.0, 0.0, 0.0, 5040.0, 20.0, 8051.0, 4465.0, 5460.0, 0.0, 0.0, 8148.0]
[4524.0, 3705.0, 8264.0, 0.0, 0.0, 2552.0, 3512.0, 1302.0, 0.0, 880.0, 0.0, 0.0, 4312.0]
[4919.0, 4914.0, 4772.0, 884.0, 0.0, 1300.0, 0.0, 0.0, 6900.0, 0.0, 0.0, 3380.0, 0.0]
[0.0, 3807.0, 1311.0, 0.0, 0.0, 1815.0, 2166.0, 0.0, 0.0, 1461.0, 0.0, 0.0, 2793.0]
[4719.0, 10385.0, 7735.0, 119.0, 0.0, 2353.0, 100.0, 775.0, 4553.0, 3894.0, 270.0, 455.0, 270.0]

3. UsualMatrix(10x11) * SparseMatrix(11x13):
[5250.0, 13162.0, 5068.0, 85.0, 0.0, 9752.0, 2799.0, 8826.0, 13238.0, 12120.0, 1476.0, 344.0, 11976.0]
[5138.0, 13164.0, 6946.0, 1190.0, 0.0, 9130.0, 3909.0, 7206.0, 4965.0, 6696.0, 1134.0, 4559.0, 13014.0]
[8576.0, 15797.0, 7293.0, 1479.0, 0.0, 7756.0, 3088.0, 4660.0, 8506.0, 6542.0, 540.0, 5685.0, 6624.0]
[13614.0, 17627.0, 7078.0, 1088.0, 0.0, 3896.0, 4291.0, 3763.0, 13741.0, 2594.0, 666.0, 4225.0, 3153.0]
[13740.0, 17947.0, 8378.0, 1581.0, 0.0, 6544.0, 3176.0, 5615.0, 10708.0, 6023.0, 1080.0, 6103.0, 4818.0]
[4299.0, 17369.0, 8867.0, 323.0, 0.0, 8974.0, 2327.0, 6044.0, 8736.0, 10244.0, 1692.0, 1236.0, 10500.0]
[14202.0, 13149.0, 8591.0, 901.0, 0.0, 10567.0, 6527.0, 12344.0, 11755.0, 9341.0, 1548.0, 3518.0, 14826.0]
[12632.0, 11879.0, 6213.0, 714.0, 0.0, 4094.0, 7959.0, 1860.0, 9553.0, 1736.0, 792.0, 2823.0, 5349.0]
[13435.0, 19656.0, 14181.0, 1003.0, 0.0, 11264.0, 3483.0, 12062.0, 8061.0, 12063.0, 1368.0, 3864.0, 12983.0]
[7971.0, 18053.0, 8330.0, 187.0, 0.0, 5970.0, 3702.0, 3876.0, 7891.0, 7675.0, 396.0, 761.0, 5460.0]

Тест 3: Квадратные матрицы

1. SquareMatrix(10x10) + SquareMatrix(10x10):
[100.0, 103.0, 80.0, 113.0, 153.0, 36.0, 14.0, 64.0, 94.0, 115.0]
[128.0, 6.0, 173.0, 143.0, 107.0, 102.0, 62.0, 165.0, 49.0, 88.0]
[46.0, 91.0, 84.0, 36.0, 95.0, 73.0, 52.0, 81.0, 120.0, 48.0]
[82.0, 128.0, 68.0, 117.0, 89.0, 95.0, 37.0, 135.0, 40.0, 97.0]
[152.0, 92.0, 44.0, 60.0, 79.0, 37.0, 85.0, 128.0, 104.0, 84.0]
[123.0, 75.0, 79.0, 111.0, 141.0, 109.0, 13.0, 110.0, 103.0, 44.0]
[181.0, 115.0, 92.0, 11.0, 159.0, 164.0, 128.0, 48.0, 104.0, 190.0]
[114.0, 35.0, 94.0, 37.0, 79.0, 114.0, 98.0, 156.0, 54.0, 135.0]
[46.0, 183.0, 13.0, 141.0, 81.0, 178.0, 45.0, 89.0, 190.0, 110.0]
[145.0, 189.0, 89.0, 173.0, 125.0, 102.0, 118.0, 119.0, 169.0, 102.0]

2. SquareMatrix(7x7) * SquareMatrix(7x7):
[15787.0, 21828.0, 19000.0, 22188.0, 15165.0, 25907.0, 20254.0]
[18293.0, 29488.0, 22579.0, 30106.0, 19650.0, 31959.0, 27226.0]
[13281.0, 20565.0, 19879.0, 20675.0, 14930.0, 23808.0, 21866.0]
[16426.0, 18956.0, 22411.0, 17570.0, 12782.0, 23011.0, 24467.0]
[14127.0, 18145.0, 13427.0, 15347.0, 12500.0, 15527.0, 21238.0]
[17648.0, 24560.0, 21560.0, 23969.0, 21363.0, 25865.0, 28663.0]
[9173.0, 19464.0, 13740.0, 20777.0, 10785.0, 24076.0, 14486.0]

3. SquareMatrix(10x10) + UsualMatrix(10x10):
[133.0, 153.0, 140.0, 166.0, 81.0, 109.0, 138.0, 102.0, 81.0, 74.0]
[76.0, 94.0, 85.0, 69.0, 121.0, 162.0, 51.0, 188.0, 63.0, 80.0]
[18.0, 50.0, 136.0, 53.0, 187.0, 104.0, 162.0, 93.0, 76.0, 169.0]
[120.0, 55.0, 102.0, 162.0, 52.0, 45.0, 122.0, 155.0, 136.0, 94.0]
[75.0, 86.0, 63.0, 132.0, 98.0, 141.0, 105.0, 186.0, 94.0, 14.0]
[80.0, 20.0, 54.0, 135.0, 101.0, 74.0, 157.0, 36.0, 70.0, 53.0]
[45.0, 57.0, 104.0, 144.0, 139.0, 61.0, 64.0, 161.0, 108.0, 100.0]
[195.0, 126.0, 139.0, 58.0, 75.0, 97.0, 58.0, 160.0, 109.0, 159.0]
[90.0, 114.0, 59.0, 190.0, 117.0, 93.0, 32.0, 154.0, 178.0, 99.0]
[31.0, 22.0, 122.0, 97.0, 82.0, 33.0, 68.0, 97.0, 91.0, 70.0]

Тест 4: Разреженные матрицы

1. SparseMatrix(13x7) + SparseMatrix(13x7):
[0.0, 0.0, 0.0, 19.0, 0.0, 48.0, 0.0]
[0.0, 0.0, 0.0, 0.0, 0.0, 0.0, 0.0]
[0.0, 0.0, 0.0, 2.0, 0.0, 0.0, 0.0]
[0.0, 0.0, 0.0, 0.0, 0.0, 0.0, 0.0]
[70.0, 13.0, 0.0, 0.0, 0.0, 0.0, 0.0]
[0.0, 0.0, 0.0, 0.0, 0.0, 0.0, 0.0]
[0.0, 0.0, 0.0, 0.0, 0.0, 0.0, 0.0]
[0.0, 0.0, 0.0, 0.0, 0.0, 0.0, 0.0]
[76.0, 0.0, 0.0, 0.0, 0.0, 0.0, 0.0]
[0.0, 0.0, 0.0, 0.0, 0.0, 0.0, 0.0]
[0.0, 0.0, 0.0, 0.0, 0.0, 0.0, 0.0]
[0.0, 0.0, 0.0, 0.0, 0.0, 0.0, 0.0]
[0.0, 0.0, 0.0, 0.0, 0.0, 25.0, 0.0]

2. SparseMatrix(13x7) * UsualMatrix(7x11):
[0.0, 0.0, 0.0, 0.0, 0.0, 0.0, 0.0, 0.0, 0.0, 0.0, 0.0]
[651.0, 8649.0, 837.0, 4092.0, 9114.0, 7347.0, 4371.0, 8928.0, 2139.0, 8835.0, 5487.0]
[3325.0, 210.0, 2765.0, 1610.0, 980.0, 2030.0, 805.0, 1820.0, 1120.0, 770.0, 805.0]
[0.0, 0.0, 0.0, 0.0, 0.0, 0.0, 0.0, 0.0, 0.0, 0.0, 0.0]
[0.0, 0.0, 0.0, 0.0, 0.0, 0.0, 0.0, 0.0, 0.0, 0.0, 0.0]
[0.0, 0.0, 0.0, 0.0, 0.0, 0.0, 0.0, 0.0, 0.0, 0.0, 0.0]
[1175.0, 1932.0, 4471.0, 3782.0, 1886.0, 3272.0, 3101.0, 2135.0, 1737.0, 4728.0, 584.0]
[189.0, 2511.0, 243.0, 1188.0, 2646.0, 2133.0, 1269.0, 2592.0, 621.0, 2565.0, 1593.0]
[3000.0, 4350.0, 4200.0, 4500.0, 750.0, 975.0, 4425.0, 4575.0, 225.0, 7275.0, 1425.0]
[0.0, 0.0, 0.0, 0.0, 0.0, 0.0, 0.0, 0.0, 0.0, 0.0, 0.0]
[6175.0, 390.0, 5135.0, 2990.0, 1820.0, 3770.0, 1495.0, 3380.0, 2080.0, 1430.0, 1495.0]
[0.0, 0.0, 0.0, 0.0, 0.0, 0.0, 0.0, 0.0, 0.0, 0.0, 0.0]
[3720.0, 2370.0, 3360.0, 3960.0, 2640.0, 2490.0, 3480.0, 1560.0, 3780.0, 750.0, 1950.0]

3. SparseMatrix(10x11) * SparseMatrix(11x7):
[0.0, 5550.0, 0.0, 6956.0, 0.0, 0.0, 0.0]
[7209.0, 0.0, 0.0, 7533.0, 6237.0, 0.0, 1505.0]
[0.0, 11649.0, 0.0, 10094.0, 0.0, 0.0, 9170.0]
[1638.0, 5850.0, 0.0, 7332.0, 0.0, 0.0, 129.0]
[0.0, 0.0, 0.0, 0.0, 0.0, 3567.0, 0.0]
[3510.0, 1590.0, 0.0, 0.0, 0.0, 0.0, 1770.0]
[0.0, 530.0, 0.0, 0.0, 0.0, 0.0, 590.0]
[0.0, 0.0, 0.0, 0.0, 0.0, 0.0, 0.0]
[7209.0, 0.0, 0.0, 10071.0, 6237.0, 0.0, 0.0]
[8099.0, 0.0, 0.0, 8463.0, 7007.0, 0.0, 0.0]

